  0       255
  1       271
  2       271
  3       252
  4       268
  5       249
  6       240
  7       220
  8       216
  9       216
 10       241
 11       188
 12       221
 13       199
 14       204
 15       184
 16       163
 17       201
 18       175
 19       154
 20       169
 21       188
 22       140
 23       142
 24       163
 25       157
 26       150
 27       155
 28       159
 29       131
 30       143
 31       148
 32       133
 33       141
 34       137
 35       166
 36       136
 37       132
 38       144
 39       147
 40       139
 41       119
 42       110
 43       135
 44       115
 45       125
 46       109
 47       126
 48       129
 49       116
 50       122
 51       113
 52       106
 53       102
 54        88
 55       116
 56       113
 57        95
 58       103
 59       113
 60       106
 61       105
 62       103
 63        23
 64         0
 65         0
 66         0
 67         0
 68         0
 69         0
 70         0
 71         0
 72         0
 73         0
 74         0
 75         0
 76         0
 77         0
 78         0
 79         0
 80         0
 81         0
 82         0
 83         0
 84         0
 85         0
 86         0
 87         0
 88         0
 89         0
 90         0
 91         0
 92         0
 93         0
 94         0
 95         0
 96         0
 97         0
 98         0
 99         0
