0   0.0255
1   0.0271
2   0.0271
3   0.0252
4   0.0268
5   0.0249
6   0.0240
7   0.0220
8   0.0216
9   0.0216
10   0.0241
11   0.0188
12   0.0221
13   0.0199
14   0.0204
15   0.0184
16   0.0163
17   0.0201
18   0.0175
19   0.0154
20   0.0169
21   0.0188
22   0.0140
23   0.0142
24   0.0163
25   0.0157
26   0.0150
27   0.0155
28   0.0159
29   0.0131
30   0.0143
31   0.0148
32   0.0133
33   0.0141
34   0.0137
35   0.0166
36   0.0136
37   0.0132
38   0.0144
39   0.0147
40   0.0139
41   0.0119
42   0.0110
43   0.0135
44   0.0115
45   0.0125
46   0.0109
47   0.0126
48   0.0129
49   0.0116
50   0.0122
51   0.0113
52   0.0106
53   0.0102
54   0.0088
55   0.0116
56   0.0113
57   0.0095
58   0.0103
59   0.0113
60   0.0106
61   0.0105
62   0.0103
63   0.0023
64   0.0000
65   0.0000
66   0.0000
67   0.0000
68   0.0000
69   0.0000
70   0.0000
71   0.0000
72   0.0000
73   0.0000
74   0.0000
75   0.0000
76   0.0000
77   0.0000
78   0.0000
79   0.0000
80   0.0000
81   0.0000
82   0.0000
83   0.0000
84   0.0000
85   0.0000
86   0.0000
87   0.0000
88   0.0000
89   0.0000
90   0.0000
91   0.0000
92   0.0000
93   0.0000
94   0.0000
95   0.0000
96   0.0000
97   0.0000
98   0.0000
99   0.0000
