0   0.0255
1   0.0526
2   0.0797
3   0.1049
4   0.1317
5   0.1566
6   0.1806
7   0.2026
8   0.2242
9   0.2458
10   0.2699
11   0.2887
12   0.3108
13   0.3307
14   0.3511
15   0.3695
16   0.3858
17   0.4059
18   0.4234
19   0.4388
20   0.4557
21   0.4745
22   0.4885
23   0.5027
24   0.5190
25   0.5347
26   0.5497
27   0.5652
28   0.5811
29   0.5942
30   0.6085
31   0.6233
32   0.6366
33   0.6507
34   0.6644
35   0.6810
36   0.6946
37   0.7078
38   0.7222
39   0.7369
40   0.7508
41   0.7627
42   0.7737
43   0.7872
44   0.7987
45   0.8112
46   0.8221
47   0.8347
48   0.8476
49   0.8592
50   0.8714
51   0.8827
52   0.8933
53   0.9035
54   0.9123
55   0.9239
56   0.9352
57   0.9447
58   0.9550
59   0.9663
60   0.9769
61   0.9874
62   0.9977
63   1.0000
64   1.0000
65   1.0000
66   1.0000
67   1.0000
68   1.0000
69   1.0000
70   1.0000
71   1.0000
72   1.0000
73   1.0000
74   1.0000
75   1.0000
76   1.0000
77   1.0000
78   1.0000
79   1.0000
80   1.0000
81   1.0000
82   1.0000
83   1.0000
84   1.0000
85   1.0000
86   1.0000
87   1.0000
88   1.0000
89   1.0000
90   1.0000
91   1.0000
92   1.0000
93   1.0000
94   1.0000
95   1.0000
96   1.0000
97   1.0000
98   1.0000
99   0.0000
